0 1 1 1 1 1 0 0 0 0
1 0 1 0 1 0 1 0 0 0
1 1 0 1 0 0 0 1 0 0
1 0 1 0 1 0 0 0 1 0
1 1 0 1 0 0 0 0 0 1
1 0 0 0 0 0 1 0 0 1
0 1 0 0 0 1 0 1 0 1
0 0 1 0 0 0 1 0 1 0
0 0 0 1 0 0 0 1 0 1
0 0 0 0 1 1 1 0 1 0

0 5 0 3 4 0 8 1 6 1
5 0 1 3 2 3 1 3 1 1
0 1 0 1 3 3 1 2 2 3
3 3 1 0 1 3 1 0 2 4
4 2 3 1 0 7 3 1 1 1
0 3 3 3 7 0 4 1 2 2
8 1 1 1 3 4 0 4 1 2
1 3 2 0 1 1 4 0 0 3
6 1 2 2 1 2 1 0 0 4
1 1 3 4 1 2 2 3 4 0

0 0.95 0.95 0.95 0.95 0.95 0 0 0 0
0.95 0 0.95 0 0.95 0 0.95 0 0 0
0.95 0.95 0 0.95 0 0 0 0.95 0 0
0.95 0 0.95 0 0.95 0 0 0 0.95 0
0.95 0.95 0 0.95 0 0 0 0 0 0.95
0.95 0 0 0 0 0 0.95 0 0 0.95
0 0.95 0 0 0 0.95 0 0.95 0 0.95
0 0 0.95 0 0 0 0.95 0 0.95 0
0 0 0 0.95 0 0 0 0.95 0 0.95
0 0 0 0 0.95 0.95 0.95 0 0.95 0 0

0.7